version https://git-lfs.github.com/spec/v1
oid sha256:7b2f9ff66efb62fa35b5256c2131e1fbc670ceb91c0fda8b68e562546448f4e5
size 155977651
